9.699476898776518752e+00
7.159807120666924263e+00
1.175753663259446213e+01
7.316028492826522900e+00
1.761128888023717565e+01
6.242705774169106547e+00
7.647303687333536715e+00
8.114473039711095126e+00
8.752354743467318343e+00
6.352157701840823734e+00
5.438687174498645582e+00
6.745700817030094498e+00
8.243251212773248682e+00
9.515193147531745055e+00
9.069428806769947116e+00
9.596752881280860237e+00
8.699599862662761751e+00
1.246853991833928710e+01
9.110642245711771281e+00
9.516405794163537379e+00
7.470024677474505381e+00
1.112809987480657270e+01
8.382741064767811778e+00
6.988566038716605533e+00
6.066681611032158195e+00
5.828890384435954530e+00
1.479465438020474544e+01
6.121791427362036409e+00
1.411193994154723619e+01
5.407495613209191809e+00
9.768354090602676010e+00
7.961414160508254234e+00
7.637660282669630263e+00
1.116028932484416103e+01
1.040672254102981320e+01
1.257720435749410726e+01
8.412717951470296995e+00
6.820630974816451086e+00
1.024051734756746157e+01
5.734485789144287970e+00
4.688516699874806903e+00
1.254264504317330164e+01
6.621937600222949527e+00
8.745208044307103634e+00
1.509063190603170845e+01
1.030687782610239900e+01
1.007599363429700823e+01
7.438524053025858507e+00
8.165592074484667506e+00
1.191389883499065228e+01
7.634487039490446492e+00
9.093540998154315602e+00
9.998061246365752552e+00
6.385331397531126107e+00
1.352198568431757941e+01
7.665679102596968164e+00
6.856935095857336293e+00
1.022093234623218194e+01
9.576220818220255282e+00
9.911896751439957853e+00
7.277028678075165402e+00
7.945324838519949751e+00
1.395853286218045319e+01
6.580712602282251744e+00
1.623833691808293977e+01
6.478408019571305410e+00
8.434915122529105247e+00
5.679978349704608576e+00
1.308658609187542865e+01
8.394026558621446199e+00
5.728673071724031729e+00
1.417444779035762892e+01
7.921371229041834994e+00
1.042798001005346720e+01
1.309056591860901797e+01
1.371271628028030953e+01
5.910272665133653014e+00
1.220312097926047024e+01
7.027851130469363383e+00
7.016613760960161095e+00
1.089327375783407170e+01
1.105873199750927327e+01
1.493140594329591408e+01
4.909788700382841320e+00
4.902712039711254022e+00
7.908982977654190449e+00
1.986537380487856552e+01
4.036154789495463469e+00
1.574568535775493672e+01
9.183574775834953741e+00
6.069710223514680258e+00
7.016084409181943649e+00
7.701477839530461722e+00
5.918564766377534703e+00
1.500246243769096388e+01
7.356726491389996347e+00
9.161117873613898510e+00
9.062998983968800104e+00
8.827529960676224974e+00
1.539549379854354605e+01
9.939253765732731338e+00
1.771516672604012754e+01
1.105532821118380937e+01
1.215416265521306194e+01
9.245375878369229028e+00
4.308003952398676617e+00
8.839670423390844078e+00
6.845267338623699516e+00
8.594205648228683714e+00
1.027069405928386914e+01
7.998374811384715954e+00
1.007659605530620617e+01
6.302184410779299029e+00
9.912130306894264109e+00
1.330140610945472801e+01
1.760899855834584926e+01
1.372486576795571622e+01
1.204825811067267693e+01
7.760505904439126468e+00
9.857711637265529347e+00
9.152699329733239964e+00
1.106089265733953475e+01
6.017622637684882925e+00
8.904206664167773511e+00
6.142779350987552789e+00
1.290457350939832537e+01
1.239957986362173337e+01
1.366004991862897988e+01
9.134068884711922465e+00
7.484255095024163751e+00
5.133459373552939908e+00
6.232974251691520529e+00
6.011154839964501839e+00
1.483519899974258749e+01
9.505772375020816511e+00
1.275529728110792149e+01
1.680447507189454370e+01
7.101457233008427572e+00
1.025637675739193000e+01
1.213380524304406904e+01
1.348115433140292829e+01
1.039476371468774119e+01
1.453121768253316048e+01
1.052537930841299385e+01
1.769679917892437260e+01
9.420610560149031087e+00
1.531104753223744730e+01
1.213312223333966777e+01
5.415466694405481896e+00
8.871728141893521880e+00
8.415914735299754312e+00
9.025233485082663876e+00
1.507034483419511339e+01
1.249726191566415068e+01
1.201340708275018798e+01
6.843074610582650763e+00
7.605381425795696870e+00
7.979109810038185202e+00
4.941515625749550722e+00
5.306946398715062685e+00
4.711298621371305728e+00
9.163351318802007484e+00
9.051294207985215223e+00
8.140965588556134946e+00
7.420450402859431804e+00
1.147950139313218898e+01
1.475480525346966409e+01
7.801902592447863327e+00
1.118329621400642182e+01
1.078792518330772054e+01
1.537502438922841641e+01
1.001691977083174656e+01
5.330381127960916565e+00
1.149828628585744461e+01
1.585501352301178812e+01
5.947615695999632912e+00
1.659915908933283291e+01
1.283629080319591154e+01
6.145498150044804930e+00
9.223088559312648371e+00
1.491928537465898508e+01
1.398111504541245687e+01
1.026578307911922749e+01
6.654361605069216701e+00
9.984097306158842500e+00
8.797789176232372554e+00
9.074128523778794531e+00
8.456830672247644287e+00
7.898400881152993769e+00
5.373733598151182456e+00
1.030014675728473250e+01
1.367578577749353563e+01
6.884607480921917322e+00
5.890562993642637579e+00
6.601501948777869444e+00
6.955720150874970642e+00
1.234419121800710251e+01
1.143427488444023687e+01
1.137494216934028657e+01
1.283630407121286510e+01
5.646645602567202715e+00
4.333871742672792848e+00
5.716940978398773687e+00
8.873849779554536354e+00
9.027681938831868536e+00
6.828779415747073145e+00
9.974280676041333393e+00
7.051211066150159468e+00
7.624947641149763200e+00
6.807152857525221812e+00
1.034726932819111234e+01
5.828208378309929216e+00
6.849662475492768188e+00
7.775782288570250778e+00
4.990253511703427236e+00
8.994834379625668674e+00
4.973689174490673715e+00
8.448481371903620030e+00
5.231094721072934384e+00
6.649083067499057975e+00
9.243897924194333982e+00
1.418238367511380282e+01
1.225066049842573257e+01
8.443556578794575884e+00
7.541585768660189260e+00
1.109101297951280785e+01
1.149048142666809902e+01
8.286931938719714452e+00
6.308293252018702724e+00
1.095879391374872114e+01
8.714455562284809886e+00
6.479867525362673852e+00
1.121342829059863533e+01
1.188261047738015819e+01
5.689201731592802957e+00
8.548397232019699032e+00
6.027158586318802413e+00
1.101502214250068157e+01
1.009479241733720656e+01
1.890693943121527809e+01
9.386963974403096600e+00
6.424387314284165207e+00
9.817580543978635887e+00
8.854509328568431314e+00
1.087479787356411265e+01
1.111015223912246519e+01
9.036975801153950272e+00
6.753395316100707646e+00
1.191455830703058894e+01
9.627266820941878578e+00
